         960
         1          1       8562       8644         82
         2       8562      17156      17237       8644
         3      17156      25717      25799      17237
         4      25717      34311      34392      25799
         5      34311      42872      42954      34392
         6      42872      51466      51547      42954
         7      51466      60027      60109      51547
         8      60027      68621      68702      60109
         9      68621      77182      77264      68702
        10      77182      85776      85857      77264
        11      85776      94337      94419      85857
        12      94337     102931     103012      94419
        13     102931     111492     111574     103012
        14     111492     120086     120167     111574
        15     120086     128647     128729     120167
        16     128647     137241     137322     128729
        17     137241     145802     145884     137322
        18     145802     154396     154477     145884
        19     154396     162957     163039     154477
        20     162957     171551     171632     163039
        21     171551     180112     180194     171632
        22     180112     188706     188787     180194
        23     188706     197267     197349     188787
        24     197267     205861     205942     197349
        25     205861     214422     214504     205942
        26     214422     223016     223097     214504
        27     223016     231577     231659     223097
        28     231577     240171     240252     231659
        29     240171     248732     248814     240252
        30     248732     257326     257407     248814
        31         82       8644       8727        164
        32       8644      17237      17319       8727
        33      17237      25799      25882      17319
        34      25799      34392      34474      25882
        35      34392      42954      43037      34474
        36      42954      51547      51629      43037
        37      51547      60109      60192      51629
        38      60109      68702      68784      60192
        39      68702      77264      77347      68784
        40      77264      85857      85939      77347
        41      85857      94419      94502      85939
        42      94419     103012     103094      94502
        43     103012     111574     111657     103094
        44     111574     120167     120249     111657
        45     120167     128729     128812     120249
        46     128729     137322     137404     128812
        47     137322     145884     145967     137404
        48     145884     154477     154559     145967
        49     154477     163039     163122     154559
        50     163039     171632     171714     163122
        51     171632     180194     180277     171714
        52     180194     188787     188869     180277
        53     188787     197349     197432     188869
        54     197349     205942     206024     197432
        55     205942     214504     214587     206024
        56     214504     223097     223179     214587
        57     223097     231659     231742     223179
        58     231659     240252     240334     231742
        59     240252     248814     248897     240334
        60     248814     257407     257489     248897
        61        164       8727       8809        245
        62       8727      17319      17400       8809
        63      17319      25882      25964      17400
        64      25882      34474      34555      25964
        65      34474      43037      43119      34555
        66      43037      51629      51710      43119
        67      51629      60192      60274      51710
        68      60192      68784      68865      60274
        69      68784      77347      77429      68865
        70      77347      85939      86020      77429
        71      85939      94502      94584      86020
        72      94502     103094     103175      94584
        73     103094     111657     111739     103175
        74     111657     120249     120330     111739
        75     120249     128812     128894     120330
        76     128812     137404     137485     128894
        77     137404     145967     146049     137485
        78     145967     154559     154640     146049
        79     154559     163122     163204     154640
        80     163122     171714     171795     163204
        81     171714     180277     180359     171795
        82     180277     188869     188950     180359
        83     188869     197432     197514     188950
        84     197432     206024     206105     197514
        85     206024     214587     214669     206105
        86     214587     223179     223260     214669
        87     223179     231742     231824     223260
        88     231742     240334     240415     231824
        89     240334     248897     248979     240415
        90     248897     257489     257570     248979
        91        245       8809       8892        327
        92       8809      17400      17482       8892
        93      17400      25964      26047      17482
        94      25964      34555      34637      26047
        95      34555      43119      43202      34637
        96      43119      51710      51792      43202
        97      51710      60274      60357      51792
        98      60274      68865      68947      60357
        99      68865      77429      77512      68947
       100      77429      86020      86102      77512
       101      86020      94584      94667      86102
       102      94584     103175     103257      94667
       103     103175     111739     111822     103257
       104     111739     120330     120412     111822
       105     120330     128894     128977     120412
       106     128894     137485     137567     128977
       107     137485     146049     146132     137567
       108     146049     154640     154722     146132
       109     154640     163204     163287     154722
       110     163204     171795     171877     163287
       111     171795     180359     180442     171877
       112     180359     188950     189032     180442
       113     188950     197514     197597     189032
       114     197514     206105     206187     197597
       115     206105     214669     214752     206187
       116     214669     223260     223342     214752
       117     223260     231824     231907     223342
       118     231824     240415     240497     231907
       119     240415     248979     249062     240497
       120     248979     257570     257652     249062
       121        327       8892       8974        408
       122       8892      17482      17563       8974
       123      17482      26047      26129      17563
       124      26047      34637      34718      26129
       125      34637      43202      43284      34718
       126      43202      51792      51873      43284
       127      51792      60357      60439      51873
       128      60357      68947      69028      60439
       129      68947      77512      77594      69028
       130      77512      86102      86183      77594
       131      86102      94667      94749      86183
       132      94667     103257     103338      94749
       133     103257     111822     111904     103338
       134     111822     120412     120493     111904
       135     120412     128977     129059     120493
       136     128977     137567     137648     129059
       137     137567     146132     146214     137648
       138     146132     154722     154803     146214
       139     154722     163287     163369     154803
       140     163287     171877     171958     163369
       141     171877     180442     180524     171958
       142     180442     189032     189113     180524
       143     189032     197597     197679     189113
       144     197597     206187     206268     197679
       145     206187     214752     214834     206268
       146     214752     223342     223423     214834
       147     223342     231907     231989     223423
       148     231907     240497     240578     231989
       149     240497     249062     249144     240578
       150     249062     257652     257733     249144
       151        408       8974       9057        490
       152       8974      17563      17645       9057
       153      17563      26129      26212      17645
       154      26129      34718      34800      26212
       155      34718      43284      43367      34800
       156      43284      51873      51955      43367
       157      51873      60439      60522      51955
       158      60439      69028      69110      60522
       159      69028      77594      77677      69110
       160      77594      86183      86265      77677
       161      86183      94749      94832      86265
       162      94749     103338     103420      94832
       163     103338     111904     111987     103420
       164     111904     120493     120575     111987
       165     120493     129059     129142     120575
       166     129059     137648     137730     129142
       167     137648     146214     146297     137730
       168     146214     154803     154885     146297
       169     154803     163369     163452     154885
       170     163369     171958     172040     163452
       171     171958     180524     180607     172040
       172     180524     189113     189195     180607
       173     189113     197679     197762     189195
       174     197679     206268     206350     197762
       175     206268     214834     214917     206350
       176     214834     223423     223505     214917
       177     223423     231989     232072     223505
       178     231989     240578     240660     232072
       179     240578     249144     249227     240660
       180     249144     257733     257815     249227
       181        490       9057       9139        571
       182       9057      17645      17726       9139
       183      17645      26212      26294      17726
       184      26212      34800      34881      26294
       185      34800      43367      43449      34881
       186      43367      51955      52036      43449
       187      51955      60522      60604      52036
       188      60522      69110      69191      60604
       189      69110      77677      77759      69191
       190      77677      86265      86346      77759
       191      86265      94832      94914      86346
       192      94832     103420     103501      94914
       193     103420     111987     112069     103501
       194     111987     120575     120656     112069
       195     120575     129142     129224     120656
       196     129142     137730     137811     129224
       197     137730     146297     146379     137811
       198     146297     154885     154966     146379
       199     154885     163452     163534     154966
       200     163452     172040     172121     163534
       201     172040     180607     180689     172121
       202     180607     189195     189276     180689
       203     189195     197762     197844     189276
       204     197762     206350     206431     197844
       205     206350     214917     214999     206431
       206     214917     223505     223586     214999
       207     223505     232072     232154     223586
       208     232072     240660     240741     232154
       209     240660     249227     249309     240741
       210     249227     257815     257896     249309
       211        571       9139       9222        653
       212       9139      17726      17808       9222
       213      17726      26294      26377      17808
       214      26294      34881      34963      26377
       215      34881      43449      43532      34963
       216      43449      52036      52118      43532
       217      52036      60604      60687      52118
       218      60604      69191      69273      60687
       219      69191      77759      77842      69273
       220      77759      86346      86428      77842
       221      86346      94914      94997      86428
       222      94914     103501     103583      94997
       223     103501     112069     112152     103583
       224     112069     120656     120738     112152
       225     120656     129224     129307     120738
       226     129224     137811     137893     129307
       227     137811     146379     146462     137893
       228     146379     154966     155048     146462
       229     154966     163534     163617     155048
       230     163534     172121     172203     163617
       231     172121     180689     180772     172203
       232     180689     189276     189358     180772
       233     189276     197844     197927     189358
       234     197844     206431     206513     197927
       235     206431     214999     215082     206513
       236     214999     223586     223668     215082
       237     223586     232154     232237     223668
       238     232154     240741     240823     232237
       239     240741     249309     249392     240823
       240     249309     257896     257978     249392
       241        653       9222       9304        734
       242       9222      17808      17889       9304
       243      17808      26377      26459      17889
       244      26377      34963      35044      26459
       245      34963      43532      43614      35044
       246      43532      52118      52199      43614
       247      52118      60687      60769      52199
       248      60687      69273      69354      60769
       249      69273      77842      77924      69354
       250      77842      86428      86509      77924
       251      86428      94997      95079      86509
       252      94997     103583     103664      95079
       253     103583     112152     112234     103664
       254     112152     120738     120819     112234
       255     120738     129307     129389     120819
       256     129307     137893     137974     129389
       257     137893     146462     146544     137974
       258     146462     155048     155129     146544
       259     155048     163617     163699     155129
       260     163617     172203     172284     163699
       261     172203     180772     180854     172284
       262     180772     189358     189439     180854
       263     189358     197927     198009     189439
       264     197927     206513     206594     198009
       265     206513     215082     215164     206594
       266     215082     223668     223749     215164
       267     223668     232237     232319     223749
       268     232237     240823     240904     232319
       269     240823     249392     249474     240904
       270     249392     257978     258059     249474
       271        734       9304       9387        816
       272       9304      17889      17971       9387
       273      17889      26459      26542      17971
       274      26459      35044      35126      26542
       275      35044      43614      43697      35126
       276      43614      52199      52281      43697
       277      52199      60769      60852      52281
       278      60769      69354      69436      60852
       279      69354      77924      78007      69436
       280      77924      86509      86591      78007
       281      86509      95079      95162      86591
       282      95079     103664     103746      95162
       283     103664     112234     112317     103746
       284     112234     120819     120901     112317
       285     120819     129389     129472     120901
       286     129389     137974     138056     129472
       287     137974     146544     146627     138056
       288     146544     155129     155211     146627
       289     155129     163699     163782     155211
       290     163699     172284     172366     163782
       291     172284     180854     180937     172366
       292     180854     189439     189521     180937
       293     189439     198009     198092     189521
       294     198009     206594     206676     198092
       295     206594     215164     215247     206676
       296     215164     223749     223831     215247
       297     223749     232319     232402     223831
       298     232319     240904     240986     232402
       299     240904     249474     249557     240986
       300     249474     258059     258141     249557
       301        816       9387       9469        897
       302       9387      17971      18052       9469
       303      17971      26542      26624      18052
       304      26542      35126      35207      26624
       305      35126      43697      43779      35207
       306      43697      52281      52362      43779
       307      52281      60852      60934      52362
       308      60852      69436      69517      60934
       309      69436      78007      78089      69517
       310      78007      86591      86672      78089
       311      86591      95162      95244      86672
       312      95162     103746     103827      95244
       313     103746     112317     112399     103827
       314     112317     120901     120982     112399
       315     120901     129472     129554     120982
       316     129472     138056     138137     129554
       317     138056     146627     146709     138137
       318     146627     155211     155292     146709
       319     155211     163782     163864     155292
       320     163782     172366     172447     163864
       321     172366     180937     181019     172447
       322     180937     189521     189602     181019
       323     189521     198092     198174     189602
       324     198092     206676     206757     198174
       325     206676     215247     215329     206757
       326     215247     223831     223912     215329
       327     223831     232402     232484     223912
       328     232402     240986     241067     232484
       329     240986     249557     249639     241067
       330     249557     258141     258222     249639
       331        897       9469       9552        979
       332       9469      18052      18134       9552
       333      18052      26624      26707      18134
       334      26624      35207      35289      26707
       335      35207      43779      43862      35289
       336      43779      52362      52444      43862
       337      52362      60934      61017      52444
       338      60934      69517      69599      61017
       339      69517      78089      78172      69599
       340      78089      86672      86754      78172
       341      86672      95244      95327      86754
       342      95244     103827     103909      95327
       343     103827     112399     112482     103909
       344     112399     120982     121064     112482
       345     120982     129554     129637     121064
       346     129554     138137     138219     129637
       347     138137     146709     146792     138219
       348     146709     155292     155374     146792
       349     155292     163864     163947     155374
       350     163864     172447     172529     163947
       351     172447     181019     181102     172529
       352     181019     189602     189684     181102
       353     189602     198174     198257     189684
       354     198174     206757     206839     198257
       355     206757     215329     215412     206839
       356     215329     223912     223994     215412
       357     223912     232484     232567     223994
       358     232484     241067     241149     232567
       359     241067     249639     249722     241149
       360     249639     258222     258304     249722
       361        979       9552       9634       1060
       362       9552      18134      18215       9634
       363      18134      26707      26789      18215
       364      26707      35289      35370      26789
       365      35289      43862      43944      35370
       366      43862      52444      52525      43944
       367      52444      61017      61099      52525
       368      61017      69599      69680      61099
       369      69599      78172      78254      69680
       370      78172      86754      86835      78254
       371      86754      95327      95409      86835
       372      95327     103909     103990      95409
       373     103909     112482     112564     103990
       374     112482     121064     121145     112564
       375     121064     129637     129719     121145
       376     129637     138219     138300     129719
       377     138219     146792     146874     138300
       378     146792     155374     155455     146874
       379     155374     163947     164029     155455
       380     163947     172529     172610     164029
       381     172529     181102     181184     172610
       382     181102     189684     189765     181184
       383     189684     198257     198339     189765
       384     198257     206839     206920     198339
       385     206839     215412     215494     206920
       386     215412     223994     224075     215494
       387     223994     232567     232649     224075
       388     232567     241149     241230     232649
       389     241149     249722     249804     241230
       390     249722     258304     258385     249804
       391       1060       9634       9717       1142
       392       9634      18215      18297       9717
       393      18215      26789      26872      18297
       394      26789      35370      35452      26872
       395      35370      43944      44027      35452
       396      43944      52525      52607      44027
       397      52525      61099      61182      52607
       398      61099      69680      69762      61182
       399      69680      78254      78337      69762
       400      78254      86835      86917      78337
       401      86835      95409      95492      86917
       402      95409     103990     104072      95492
       403     103990     112564     112647     104072
       404     112564     121145     121227     112647
       405     121145     129719     129802     121227
       406     129719     138300     138382     129802
       407     138300     146874     146957     138382
       408     146874     155455     155537     146957
       409     155455     164029     164112     155537
       410     164029     172610     172692     164112
       411     172610     181184     181267     172692
       412     181184     189765     189847     181267
       413     189765     198339     198422     189847
       414     198339     206920     207002     198422
       415     206920     215494     215577     207002
       416     215494     224075     224157     215577
       417     224075     232649     232732     224157
       418     232649     241230     241312     232732
       419     241230     249804     249887     241312
       420     249804     258385     258467     249887
       421       1142       9717       9799       1223
       422       9717      18297      18378       9799
       423      18297      26872      26954      18378
       424      26872      35452      35533      26954
       425      35452      44027      44109      35533
       426      44027      52607      52688      44109
       427      52607      61182      61264      52688
       428      61182      69762      69843      61264
       429      69762      78337      78419      69843
       430      78337      86917      86998      78419
       431      86917      95492      95574      86998
       432      95492     104072     104153      95574
       433     104072     112647     112729     104153
       434     112647     121227     121308     112729
       435     121227     129802     129884     121308
       436     129802     138382     138463     129884
       437     138382     146957     147039     138463
       438     146957     155537     155618     147039
       439     155537     164112     164194     155618
       440     164112     172692     172773     164194
       441     172692     181267     181349     172773
       442     181267     189847     189928     181349
       443     189847     198422     198504     189928
       444     198422     207002     207083     198504
       445     207002     215577     215659     207083
       446     215577     224157     224238     215659
       447     224157     232732     232814     224238
       448     232732     241312     241393     232814
       449     241312     249887     249969     241393
       450     249887     258467     258548     249969
       451       1223       9799       9882       1305
       452       9799      18378      18460       9882
       453      18378      26954      27037      18460
       454      26954      35533      35615      27037
       455      35533      44109      44192      35615
       456      44109      52688      52770      44192
       457      52688      61264      61347      52770
       458      61264      69843      69925      61347
       459      69843      78419      78502      69925
       460      78419      86998      87080      78502
       461      86998      95574      95657      87080
       462      95574     104153     104235      95657
       463     104153     112729     112812     104235
       464     112729     121308     121390     112812
       465     121308     129884     129967     121390
       466     129884     138463     138545     129967
       467     138463     147039     147122     138545
       468     147039     155618     155700     147122
       469     155618     164194     164277     155700
       470     164194     172773     172855     164277
       471     172773     181349     181432     172855
       472     181349     189928     190010     181432
       473     189928     198504     198587     190010
       474     198504     207083     207165     198587
       475     207083     215659     215742     207165
       476     215659     224238     224320     215742
       477     224238     232814     232897     224320
       478     232814     241393     241475     232897
       479     241393     249969     250052     241475
       480     249969     258548     258630     250052
       481       1305       9882       9964       1386
       482       9882      18460      18541       9964
       483      18460      27037      27119      18541
       484      27037      35615      35696      27119
       485      35615      44192      44274      35696
       486      44192      52770      52851      44274
       487      52770      61347      61429      52851
       488      61347      69925      70006      61429
       489      69925      78502      78584      70006
       490      78502      87080      87161      78584
       491      87080      95657      95739      87161
       492      95657     104235     104316      95739
       493     104235     112812     112894     104316
       494     112812     121390     121471     112894
       495     121390     129967     130049     121471
       496     129967     138545     138626     130049
       497     138545     147122     147204     138626
       498     147122     155700     155781     147204
       499     155700     164277     164359     155781
       500     164277     172855     172936     164359
       501     172855     181432     181514     172936
       502     181432     190010     190091     181514
       503     190010     198587     198669     190091
       504     198587     207165     207246     198669
       505     207165     215742     215824     207246
       506     215742     224320     224401     215824
       507     224320     232897     232979     224401
       508     232897     241475     241556     232979
       509     241475     250052     250134     241556
       510     250052     258630     258711     250134
       511       1386       9964      10047       1468
       512       9964      18541      18623      10047
       513      18541      27119      27202      18623
       514      27119      35696      35778      27202
       515      35696      44274      44357      35778
       516      44274      52851      52933      44357
       517      52851      61429      61512      52933
       518      61429      70006      70088      61512
       519      70006      78584      78667      70088
       520      78584      87161      87243      78667
       521      87161      95739      95822      87243
       522      95739     104316     104398      95822
       523     104316     112894     112977     104398
       524     112894     121471     121553     112977
       525     121471     130049     130132     121553
       526     130049     138626     138708     130132
       527     138626     147204     147287     138708
       528     147204     155781     155863     147287
       529     155781     164359     164442     155863
       530     164359     172936     173018     164442
       531     172936     181514     181597     173018
       532     181514     190091     190173     181597
       533     190091     198669     198752     190173
       534     198669     207246     207328     198752
       535     207246     215824     215907     207328
       536     215824     224401     224483     215907
       537     224401     232979     233062     224483
       538     232979     241556     241638     233062
       539     241556     250134     250217     241638
       540     250134     258711     258793     250217
       541       1468      10047      10129       1549
       542      10047      18623      18704      10129
       543      18623      27202      27284      18704
       544      27202      35778      35859      27284
       545      35778      44357      44439      35859
       546      44357      52933      53014      44439
       547      52933      61512      61594      53014
       548      61512      70088      70169      61594
       549      70088      78667      78749      70169
       550      78667      87243      87324      78749
       551      87243      95822      95904      87324
       552      95822     104398     104479      95904
       553     104398     112977     113059     104479
       554     112977     121553     121634     113059
       555     121553     130132     130214     121634
       556     130132     138708     138789     130214
       557     138708     147287     147369     138789
       558     147287     155863     155944     147369
       559     155863     164442     164524     155944
       560     164442     173018     173099     164524
       561     173018     181597     181679     173099
       562     181597     190173     190254     181679
       563     190173     198752     198834     190254
       564     198752     207328     207409     198834
       565     207328     215907     215989     207409
       566     215907     224483     224564     215989
       567     224483     233062     233144     224564
       568     233062     241638     241719     233144
       569     241638     250217     250299     241719
       570     250217     258793     258874     250299
       571       1549      10129      10212       1631
       572      10129      18704      18786      10212
       573      18704      27284      27367      18786
       574      27284      35859      35941      27367
       575      35859      44439      44522      35941
       576      44439      53014      53096      44522
       577      53014      61594      61677      53096
       578      61594      70169      70251      61677
       579      70169      78749      78832      70251
       580      78749      87324      87406      78832
       581      87324      95904      95987      87406
       582      95904     104479     104561      95987
       583     104479     113059     113142     104561
       584     113059     121634     121716     113142
       585     121634     130214     130297     121716
       586     130214     138789     138871     130297
       587     138789     147369     147452     138871
       588     147369     155944     156026     147452
       589     155944     164524     164607     156026
       590     164524     173099     173181     164607
       591     173099     181679     181762     173181
       592     181679     190254     190336     181762
       593     190254     198834     198917     190336
       594     198834     207409     207491     198917
       595     207409     215989     216072     207491
       596     215989     224564     224646     216072
       597     224564     233144     233227     224646
       598     233144     241719     241801     233227
       599     241719     250299     250382     241801
       600     250299     258874     258956     250382
       601       1631      10212      10294       1712
       602      10212      18786      18867      10294
       603      18786      27367      27449      18867
       604      27367      35941      36022      27449
       605      35941      44522      44604      36022
       606      44522      53096      53177      44604
       607      53096      61677      61759      53177
       608      61677      70251      70332      61759
       609      70251      78832      78914      70332
       610      78832      87406      87487      78914
       611      87406      95987      96069      87487
       612      95987     104561     104642      96069
       613     104561     113142     113224     104642
       614     113142     121716     121797     113224
       615     121716     130297     130379     121797
       616     130297     138871     138952     130379
       617     138871     147452     147534     138952
       618     147452     156026     156107     147534
       619     156026     164607     164689     156107
       620     164607     173181     173262     164689
       621     173181     181762     181844     173262
       622     181762     190336     190417     181844
       623     190336     198917     198999     190417
       624     198917     207491     207572     198999
       625     207491     216072     216154     207572
       626     216072     224646     224727     216154
       627     224646     233227     233309     224727
       628     233227     241801     241882     233309
       629     241801     250382     250464     241882
       630     250382     258956     259037     250464
       631       1712      10294      10377       1794
       632      10294      18867      18949      10377
       633      18867      27449      27532      18949
       634      27449      36022      36104      27532
       635      36022      44604      44687      36104
       636      44604      53177      53259      44687
       637      53177      61759      61842      53259
       638      61759      70332      70414      61842
       639      70332      78914      78997      70414
       640      78914      87487      87569      78997
       641      87487      96069      96152      87569
       642      96069     104642     104724      96152
       643     104642     113224     113307     104724
       644     113224     121797     121879     113307
       645     121797     130379     130462     121879
       646     130379     138952     139034     130462
       647     138952     147534     147617     139034
       648     147534     156107     156189     147617
       649     156107     164689     164772     156189
       650     164689     173262     173344     164772
       651     173262     181844     181927     173344
       652     181844     190417     190499     181927
       653     190417     198999     199082     190499
       654     198999     207572     207654     199082
       655     207572     216154     216237     207654
       656     216154     224727     224809     216237
       657     224727     233309     233392     224809
       658     233309     241882     241964     233392
       659     241882     250464     250547     241964
       660     250464     259037     259119     250547
       661       1794      10377      10459       1875
       662      10377      18949      19030      10459
       663      18949      27532      27614      19030
       664      27532      36104      36185      27614
       665      36104      44687      44769      36185
       666      44687      53259      53340      44769
       667      53259      61842      61924      53340
       668      61842      70414      70495      61924
       669      70414      78997      79079      70495
       670      78997      87569      87650      79079
       671      87569      96152      96234      87650
       672      96152     104724     104805      96234
       673     104724     113307     113389     104805
       674     113307     121879     121960     113389
       675     121879     130462     130544     121960
       676     130462     139034     139115     130544
       677     139034     147617     147699     139115
       678     147617     156189     156270     147699
       679     156189     164772     164854     156270
       680     164772     173344     173425     164854
       681     173344     181927     182009     173425
       682     181927     190499     190580     182009
       683     190499     199082     199164     190580
       684     199082     207654     207735     199164
       685     207654     216237     216319     207735
       686     216237     224809     224890     216319
       687     224809     233392     233474     224890
       688     233392     241964     242045     233474
       689     241964     250547     250629     242045
       690     250547     259119     259200     250629
       691       1875      10459      10542       1957
       692      10459      19030      19112      10542
       693      19030      27614      27697      19112
       694      27614      36185      36267      27697
       695      36185      44769      44852      36267
       696      44769      53340      53422      44852
       697      53340      61924      62007      53422
       698      61924      70495      70577      62007
       699      70495      79079      79162      70577
       700      79079      87650      87732      79162
       701      87650      96234      96317      87732
       702      96234     104805     104887      96317
       703     104805     113389     113472     104887
       704     113389     121960     122042     113472
       705     121960     130544     130627     122042
       706     130544     139115     139197     130627
       707     139115     147699     147782     139197
       708     147699     156270     156352     147782
       709     156270     164854     164937     156352
       710     164854     173425     173507     164937
       711     173425     182009     182092     173507
       712     182009     190580     190662     182092
       713     190580     199164     199247     190662
       714     199164     207735     207817     199247
       715     207735     216319     216402     207817
       716     216319     224890     224972     216402
       717     224890     233474     233557     224972
       718     233474     242045     242127     233557
       719     242045     250629     250712     242127
       720     250629     259200     259282     250712
       721       1957      10542      10624       2038
       722      10542      19112      19193      10624
       723      19112      27697      27779      19193
       724      27697      36267      36348      27779
       725      36267      44852      44934      36348
       726      44852      53422      53503      44934
       727      53422      62007      62089      53503
       728      62007      70577      70658      62089
       729      70577      79162      79244      70658
       730      79162      87732      87813      79244
       731      87732      96317      96399      87813
       732      96317     104887     104968      96399
       733     104887     113472     113554     104968
       734     113472     122042     122123     113554
       735     122042     130627     130709     122123
       736     130627     139197     139278     130709
       737     139197     147782     147864     139278
       738     147782     156352     156433     147864
       739     156352     164937     165019     156433
       740     164937     173507     173588     165019
       741     173507     182092     182174     173588
       742     182092     190662     190743     182174
       743     190662     199247     199329     190743
       744     199247     207817     207898     199329
       745     207817     216402     216484     207898
       746     216402     224972     225053     216484
       747     224972     233557     233639     225053
       748     233557     242127     242208     233639
       749     242127     250712     250794     242208
       750     250712     259282     259363     250794
       751       2038      10624      10707       2120
       752      10624      19193      19275      10707
       753      19193      27779      27862      19275
       754      27779      36348      36430      27862
       755      36348      44934      45017      36430
       756      44934      53503      53585      45017
       757      53503      62089      62172      53585
       758      62089      70658      70740      62172
       759      70658      79244      79327      70740
       760      79244      87813      87895      79327
       761      87813      96399      96482      87895
       762      96399     104968     105050      96482
       763     104968     113554     113637     105050
       764     113554     122123     122205     113637
       765     122123     130709     130792     122205
       766     130709     139278     139360     130792
       767     139278     147864     147947     139360
       768     147864     156433     156515     147947
       769     156433     165019     165102     156515
       770     165019     173588     173670     165102
       771     173588     182174     182257     173670
       772     182174     190743     190825     182257
       773     190743     199329     199412     190825
       774     199329     207898     207980     199412
       775     207898     216484     216567     207980
       776     216484     225053     225135     216567
       777     225053     233639     233722     225135
       778     233639     242208     242290     233722
       779     242208     250794     250877     242290
       780     250794     259363     259445     250877
       781       2120      10707      10789       2201
       782      10707      19275      19356      10789
       783      19275      27862      27944      19356
       784      27862      36430      36511      27944
       785      36430      45017      45099      36511
       786      45017      53585      53666      45099
       787      53585      62172      62254      53666
       788      62172      70740      70821      62254
       789      70740      79327      79409      70821
       790      79327      87895      87976      79409
       791      87895      96482      96564      87976
       792      96482     105050     105131      96564
       793     105050     113637     113719     105131
       794     113637     122205     122286     113719
       795     122205     130792     130874     122286
       796     130792     139360     139441     130874
       797     139360     147947     148029     139441
       798     147947     156515     156596     148029
       799     156515     165102     165184     156596
       800     165102     173670     173751     165184
       801     173670     182257     182339     173751
       802     182257     190825     190906     182339
       803     190825     199412     199494     190906
       804     199412     207980     208061     199494
       805     207980     216567     216649     208061
       806     216567     225135     225216     216649
       807     225135     233722     233804     225216
       808     233722     242290     242371     233804
       809     242290     250877     250959     242371
       810     250877     259445     259526     250959
       811       2201      10789      10872       2283
       812      10789      19356      19438      10872
       813      19356      27944      28027      19438
       814      27944      36511      36593      28027
       815      36511      45099      45182      36593
       816      45099      53666      53748      45182
       817      53666      62254      62337      53748
       818      62254      70821      70903      62337
       819      70821      79409      79492      70903
       820      79409      87976      88058      79492
       821      87976      96564      96647      88058
       822      96564     105131     105213      96647
       823     105131     113719     113802     105213
       824     113719     122286     122368     113802
       825     122286     130874     130957     122368
       826     130874     139441     139523     130957
       827     139441     148029     148112     139523
       828     148029     156596     156678     148112
       829     156596     165184     165267     156678
       830     165184     173751     173833     165267
       831     173751     182339     182422     173833
       832     182339     190906     190988     182422
       833     190906     199494     199577     190988
       834     199494     208061     208143     199577
       835     208061     216649     216732     208143
       836     216649     225216     225298     216732
       837     225216     233804     233887     225298
       838     233804     242371     242453     233887
       839     242371     250959     251042     242453
       840     250959     259526     259608     251042
       841       2283      10872      10954       2364
       842      10872      19438      19519      10954
       843      19438      28027      28109      19519
       844      28027      36593      36674      28109
       845      36593      45182      45264      36674
       846      45182      53748      53829      45264
       847      53748      62337      62419      53829
       848      62337      70903      70984      62419
       849      70903      79492      79574      70984
       850      79492      88058      88139      79574
       851      88058      96647      96729      88139
       852      96647     105213     105294      96729
       853     105213     113802     113884     105294
       854     113802     122368     122449     113884
       855     122368     130957     131039     122449
       856     130957     139523     139604     131039
       857     139523     148112     148194     139604
       858     148112     156678     156759     148194
       859     156678     165267     165349     156759
       860     165267     173833     173914     165349
       861     173833     182422     182504     173914
       862     182422     190988     191069     182504
       863     190988     199577     199659     191069
       864     199577     208143     208224     199659
       865     208143     216732     216814     208224
       866     216732     225298     225379     216814
       867     225298     233887     233969     225379
       868     233887     242453     242534     233969
       869     242453     251042     251124     242534
       870     251042     259608     259689     251124
       871       2364      10954      11037       2446
       872      10954      19519      19601      11037
       873      19519      28109      28192      19601
       874      28109      36674      36756      28192
       875      36674      45264      45347      36756
       876      45264      53829      53911      45347
       877      53829      62419      62502      53911
       878      62419      70984      71066      62502
       879      70984      79574      79657      71066
       880      79574      88139      88221      79657
       881      88139      96729      96812      88221
       882      96729     105294     105376      96812
       883     105294     113884     113967     105376
       884     113884     122449     122531     113967
       885     122449     131039     131122     122531
       886     131039     139604     139686     131122
       887     139604     148194     148277     139686
       888     148194     156759     156841     148277
       889     156759     165349     165432     156841
       890     165349     173914     173996     165432
       891     173914     182504     182587     173996
       892     182504     191069     191151     182587
       893     191069     199659     199742     191151
       894     199659     208224     208306     199742
       895     208224     216814     216897     208306
       896     216814     225379     225461     216897
       897     225379     233969     234052     225461
       898     233969     242534     242616     234052
       899     242534     251124     251207     242616
       900     251124     259689     259771     251207
       901       2446      11037      11119       2527
       902      11037      19601      19682      11119
       903      19601      28192      28274      19682
       904      28192      36756      36837      28274
       905      36756      45347      45429      36837
       906      45347      53911      53992      45429
       907      53911      62502      62584      53992
       908      62502      71066      71147      62584
       909      71066      79657      79739      71147
       910      79657      88221      88302      79739
       911      88221      96812      96894      88302
       912      96812     105376     105457      96894
       913     105376     113967     114049     105457
       914     113967     122531     122612     114049
       915     122531     131122     131204     122612
       916     131122     139686     139767     131204
       917     139686     148277     148359     139767
       918     148277     156841     156922     148359
       919     156841     165432     165514     156922
       920     165432     173996     174077     165514
       921     173996     182587     182669     174077
       922     182587     191151     191232     182669
       923     191151     199742     199824     191232
       924     199742     208306     208387     199824
       925     208306     216897     216979     208387
       926     216897     225461     225542     216979
       927     225461     234052     234134     225542
       928     234052     242616     242697     234134
       929     242616     251207     251289     242697
       930     251207     259771     259852     251289
       931       2527      11119      11202       2609
       932      11119      19682      19764      11202
       933      19682      28274      28357      19764
       934      28274      36837      36919      28357
       935      36837      45429      45512      36919
       936      45429      53992      54074      45512
       937      53992      62584      62667      54074
       938      62584      71147      71229      62667
       939      71147      79739      79822      71229
       940      79739      88302      88384      79822
       941      88302      96894      96977      88384
       942      96894     105457     105539      96977
       943     105457     114049     114132     105539
       944     114049     122612     122694     114132
       945     122612     131204     131287     122694
       946     131204     139767     139849     131287
       947     139767     148359     148442     139849
       948     148359     156922     157004     148442
       949     156922     165514     165597     157004
       950     165514     174077     174159     165597
       951     174077     182669     182752     174159
       952     182669     191232     191314     182752
       953     191232     199824     199907     191314
       954     199824     208387     208469     199907
       955     208387     216979     217062     208469
       956     216979     225542     225624     217062
       957     225542     234134     234217     225624
       958     234134     242697     242779     234217
       959     242697     251289     251372     242779
       960     251289     259852     259934     251372
